28
37
11
19
80
2
55
32
30
19
5
110
81
3
44
43
67
39
19
88
84
45
46
57
44
18
39
59
45
10
77
75
4
108
52
37
55
112
74
99
25
27
65
114
76
64
105
134
52
16
36
75
105
20
95
22
25
39
88
59
45
51
45
94
108
104
44
65
27
31
109
18
138
115
67
106
77
68
80
60
51
48
110
77
28
87
76
59
82
45
68
22
38
21
13
95
1
27
68
49
34
77
106
16
11
3
41
17
50
2
11
38
104
25
22
9
10
87
25
70
49
56
78
92
37
52
27
55
62
13
41
18
28
52
98
43
6
3
81
78
51
81
18
1
80
92
3
43
3
77
97
72
7
38
94
68
80
117
5
80
2
2
71
76
23
3
19
87
109
82
12
20
18
116
47
117
109
37
37
11
20
23
42
1
15
67
99
1
43
26
76
6
30
2
9
36
38
10
141
75
114
57
46
7
52
65
92
57
103
33
56
24
63
2
17
3
30
15
2
47
41
89
72
51
122
30
70
21
70
35
14
26
14
46
47
27
49
66
93
49
26
63
9
6
69
3
85
83
82
2
25
120
51
27
31
107
36
85
6
5
64
112
99
6
89
119
9
33
44
1
25
105
79
43
119
2
70
66
40
2
56
29
101
87
52
3
63
4
15
21
25
16
64
109
0
39
96
86
33
100
35
77
73
35
23
74
86
84
47
60
52
47
34
90
9
95
5
55
20
6
5
78
65
103
1
24
71
68
85
38
109
62
12
30
116
34
65
8
46
46
22
50
20
45
70
39
39
35
89
83
119
35
1
70
4
47
110
60
34
51
111
88
64
2
33
21
36
61
26
96
103
72
30
46
95
44
30
117
86
40
82
100
38
46
23
33
65
44
5
53
100
18
88
20
96
45
100
27
77
63
62
38
47
51
40
25
41
85
116
62
85
41
33
37
15
64
62
129
3
36
52
120
104
2
12
64
37
21
92
21
54
4
38
62
84
41
57
88
71
17
22
13
105
30
115
86
66
2
95
65
27
23
118
20
45
55
31
115
52
21
49
60
41
28
26
10
35
32
57
62
120
54
18
45
3
117
27
72
69
57
39
79
13
43
14
40
105
95
95
55
69
30
3
30
27
39
129
95
27
15
67
32
9
54
114
37
55
74
53
65
0
103
118
63
42
13
15
105
17
20
51
131
110
57
72
87
101
111
97
6
91
97
33
79
57
22
47
55
15
67
79
70
22
84
40
45
70
48
49
22
39
65
55
1
61
12
61
61
19
11
39
71
24
18
26
20
20
0
77
32
65
40
27
30
5
29
47
90
63
5
8
19
76
84
83
58
38
44
20
43
39
29
83
89
31
31
71
44
48
67
17
11
91
60
6
26
15
30
52
13
12
22
49
52
17
20
64
54
82
68
27
84
68
22
82
29
48
75
39
74
97
72
109
83
35
61
42
43
79
94
99
41
39
4
21
12
2
7
79
36
39
0
3
78
55
86
48
26
5
70
78
95
30
69
81
47
79
59
70
62
37
97
91
22
3
64
45
53
83
72
56
111
80
28
119
64
76
44
100
68
38
80
63
112
62
106
58
35
95
64
121
72
23
112
15
40
98
85
59
2
55
25
40
75
11
88
49
41
97
90
26
28
76
41
94
8
79
18
24
13
40
97
14
114
21
84
1
27
97
77
115
2
85
54
60
82
29
4
1
41
62
49
50
68
55
30
82
97
76
33
40
32
82
76
71
42
37
74
3
89
36
17
38
52
115
47
3
55
12
59
64
39
49
114
20
108
53
119
73
58
104
19
74
41
45
96
112
102
86
65
27
31
83
1
49
87
3
10
120
40
104
0
104
3
10
23
113
118
4
53
105
107
98
95
107
46
19
20
30
103
92
36
49
79
99
82
14
87
56
21
49
48
19
120
72
52
91
33
16
41
6
81
22
108
63
42
119
86
111
56
112
81
5
107
72
99
4
13
62
3
110
130
17
39
86
6
26
88
92
2
11
42
75
73
38
106
75
65
59
20
84
105
1
27
72
120
92
13
40
3
6
32
19
105
30
25
48
68
48
95
92
120
73
95
59
32
51
100
45
40
7
33
47
21
36
69
54
38
74
39
68
12
15
88
34
39
31
17
31
58
27
50
55
2
2
54
67
76
35
107
58
0
5
108
57
91
27
81
94
102
54
95
108
23
23
3
84
61
55
41
98
8
32
66
45
52
24
26
111
24
29
67
23
97
77
96
19
95
40
47
28
8
14
41
12
70
45
102
67
62
30
33
122
85
44
46
72
55
100
22
1
33
23
91
8
67
33
71
93
78
101
64
54
44
93
83
113
87
12
36
61
26
110
42
3
18
54
23
115
109
17
41
85
42
25
29
12
73
91
61
14
8
17
32
8
116
47
4
115
14
80
68
41
41
3
89
90
50
1
37
70
114
87
46
116
0
73
61
35
65
111
10
82
57
89
40
42
50
105
63
86
76
76
43
8
3
94
49
56
98
4
31
64
15
48
7
50
1
63
95
78
22
37
3
19
11
61
67
120
22
19
25
59
2
43
103
67
2
68
9
74
3
9
48
50
49
30
91
62
6
32
43
57
2
72
34
53
20
29
73
15
26
32
30
57
68
71
92
4
17
76
85
13
37
13
88
34
65
81
51
94
1
19
61
39
0
61
12
5
81
19
89
22
63
81
80
37
120
87
32
13
64
29
73
70
47
58
13
80
60
3
68
19
88
67
1
10
2
107
68
17
71
62
116
8
10
41
8
98
11
62
35
23
4
67
55
47
57
87
15
63
2
46
91
89
79
74
93
105
29
75
78
67
42
65
83
28
36
34
87
94
31
31
55
31
101
72
0
35
76
93
77
112
7
18
31
38
29
4
9
95
44
50
95
27
104
3
87
97
15
11
31
51
21
23
1
74
1
19
23
60
28
84
73
70
91
8
96
55
46
2
27
109
29
60
51
15
92
5
9
101
71
108
70
48
14
5
0
138
62
84
71
45
16
45
110
8
75
45
39
11
26
87
61
15
84
46
35
111
91
60
68
0
2
59
45
85
35
95
5
49
59
63
92
63
16
15
1
49
37
72
65
19
52
73
98
19
61
85
62
20
33
91
78
15
41
72
27
44
23
86
93
49
14
75
2
80
42
93
107
36
63
53
70
64
58
60
7
74
53
113
78
42
75
2
26
72
1
59
47
40
73
21
64
94
15
3
2
37
84
75
19
28
37
29
105
17
99
25
38
28
78
114
45
40
64
89
66
59
37
3
22
73
41
82
65
34
20
76
21
36
75
49
31
14
79
58
81
5
33
56
20
6
83
39
37
32
4
27
7
7
18
12
86
58
116
10
62
77
62
71
40
1
23
36
1
80
73
58
60
47
20
20
54
69
38
69
63
113
41
1
95
87
33
81
80
95
36
17
98
87
92
69
53
64
23
38
25
27
66
75
18
65
31
1
13
108
70
56
74
107
23
56
40
73
106
23
60
79
61
38
13
46
63
3
12
4
12
62
2
17
82
66
105
41
88
30
54
59
64
57
66
50
35
50
19
70
49
65
49
55
49
95
58
11
52
78
8
60
35
62
6
106
11
53
5
41
74
69
61
74
16
41
26
23
17
41
32
79
93
24
58
56
68
56
73
33
32
14
97
101
1
36
61
50
88
8
15
53
53
39
12
38
2
31
23
12
5
15
1
29
34
16
82
42
29
24
60
33
34
36
15
37
23
70
37
98
43
67
82
25
40
108
13
58
7
17
53
72
7
46
16
41
24
34
45
45
24
73
15
27
99
60
63
1
117
60
22
75
47
31
94
58
0
72
36
38
79
89
76
8
99
87
91
17
9
18
16
35
67
38
57
98
56
70
41
14
29
2
20
1
79
58
81
98
76
37
30
12
8
86
35
46
72
57
105
26
117
10
52
12
69
52
75
45
43
36
17
79
28
22
27
5
34
99
4
70
64
17
25
29
49
71
56
100
10
65
87
103
86
2
45
58
57
63
85
70
10
59
93
58
45
55
5
83
88
101
115
24
4
51
17
21
14
24
58
87
92
25
66
28
54
40
50
1
73
24
79
97
31
61
10
85
101
54
79
78
18
23
50
72
73
115
45
53
61
27
32
60
46
37
9
22
5
52
29
28
75
61
7
8
58
48
48
21
29
16
14
109
52
59
31
38
45
91
67
112
71
102
61
5
32
24
54
73
3
92
77
4
14
3
2
27
62
79
77
22
67
34
45
46
47
38
10
18
6
76
44
70
12
59
1
7
53
47
42
66
0
4
110
64
43
19
46
81
36
6
55
57
22
0
46
57
36
5
60
82
46
109
61
50
89
55
32
59
87
70
99
5
120
79
24
103
35
78
37
74
24
60
1
19
60
13
4
85
40
24
2
68
52
73
19
68
57
32
1
3
75
31
48
60
17
109
51
89
2
75
57
28
1
10
36
42
33
28
82
85
99
66
17
31
110
110
89
65
65
97
59
22
52
4
97
28
7
117
121
102
92
7
33
69
33
12
106
78
33
80
85
71
104
64
47
72
16
1
68
6
39
76
58
41
99
28
54
27
61
32
96
2
45
4
13
68
36
79
55
2
18
62
40
92
20
44
36
2
73
31
39
9
82
84
98
70
70
52
73
61
19
108
92
88
20
26
83
4
54
46
6
80
93
51
57
12
2
32
56
45
70
62
7
41
102
33
8
79
1
55
9
66
90
30
59
136
120
69
6
26
106
30
35
52
15
81
4
60
116
87
95
19
68
55
13
26
23
8
46
16
44
34
14
60
115
52
85
94
38
49
118
51
65
43
29
5
104
45
39
11
63
73
32
88
86
55
35
12
92
41
92
36
1
48
61
97
31
63
74
30
87
12
112
126
42
87
49
8
27
71
93
96
52
103
1
112
80
93
29
61
60
17
81
73
2
38
16
28
38
88
48
52
47
64
17
39
22
17
48
5
104
19
72
111
1
115
26
11
59
50
4
81
19
2
69
6
87
25
106
5
67
76
50
86
102
90
57
19
37
30
64
27
5
36
36
6
23
79
3
73
66
4
70
113
16
26
73
110
53
74
55
13
85
79
12
50
87
26
96
4
62
108
11
48
28
75
64
89
32
49
60
28
6
39
0
24
105
4
91
37
12
24
69
68
75
59
94
59
56
24
31
19
24
13
63
60
67
96
117
19
87
32
4
19
17
81
130
68
77
94
60
60
45
44
41
5
59
104
73
73
21
2
18
80
24
2
68
74
92
3
28
28
121
72
63
82
36
39
2
110
64
54
35
22
4
45
94
47
70
64
74
73
21
12
47
74
25
4
36
75
45
85
28
36
63
35
39
88
76
59
34
41
45
59
93
23
94
31
77
45
23
17
9
79
23
39
96
86
12
20
17
14
61
62
106
70
35
24
88
70
78
22
97
61
93
50
73
54
69
13
74
44
111
24
110
40
44
95
52
86
24
19
57
72
39
61
3
20
90
22
25
6
36
63
51
53
24
26
40
46
54
69
98
54
17
38
38
61
30
16
57
94
33
0
15
50
12
31
31
44
37
51
4
24
29
95
33
20
8
41
68
92
90
42
102
74
46
21
102
78
8
28
64
39
34
15
15
6
71
76
35
27
112
70
39
13
68
4
59
99
75
29
24
54
70
44
7
71
48
27
21
88
30
1
51
33
27
82
1
51
102
3
42
91
14
47
105
3
27
39
61
95
107
8
72
45
2
75
98
40
73
74
17
97
81
84
1
74
77
10
81
4
21
4
40
103
81
22
86
58
37
4
54
51
79
90
36
13
17
28
58
61
56
33
91
75
96
89
53
32
67
47
27
6
4
44
91
65
48
64
60
72
59
119
81
63
97
93
88
89
3
89
23
16
11
1
63
59
53
16
40
100
6
55
13
55
23
10
14
44
3
73
44
89
45
12
14
90
1
32
85
67
27
96
8
88
56
42
8
13
90
26
48
4
68
118
64
32
21
44
1
8
84
34
22
14
20
37
46
29
74
28
15
23
27
96
57
5
43
88
62
6
81
77
125
128
24
26
61
52
50
34
43
55
112
126
82
5
15
67
55
16
44
16
113
27
101
26
54
13
4
68
121
42
111
73
70
110
73
54
69
97
20
50
77
27
96
8
35
24
16
82
68
20
34
35
33
71
90
80
81
60
90
63
44
23
69
1
47
22
29
108
37
15
26
8
102
61
121
101
7
23
38
37
23
63
78
14
49
48
60
7
32
91
55
27
20
74
64
21
51
37
97
109
56
80
85
33
47
24
25
58
18
27
25
76
26
64
69
65
113
25
56
2
58
15
94
22
48
107
83
6
86
76
20
26
28
105
87
0
48
74
31
4
7
58
81
63
59
28
24
1
120
31
22
82
64
67
21
2
64
45
91
91
1
61
82
68
72
31
112
99
47
56
61
14
1
52
42
82
80
28
90
4
86
114
19
67
18
61
71
22
33
65
19
15
92
69
80
100
5
60
83
31
41
49
38
78
82
76
25
101
105
84
70
85
19
109
72
5
52
75
48
31
23
38
32
50
1
35
38
26
36
11
59
13
2
45
42
67
81
73
80
32
2
51
97
96
92
73
14
83
27
6
34
92
35
9
98
45
13
42
56
1
66
76
81
81
68
25
10
18
83
68
90
61
81
116
34
88
40
90
3
7
54
17
31
6
37
108
61
79
51
61
27
19
28
51
65
31
105
40
34
66
60
30
68
81
86
104
80
77
12
53
50
82
87
31
3
13
4
16
6
56
28
50
34
109
110
15
51
88
54
40
94
27
1
16
7
46
36
99
76
78
34
102
39
24
10
28
90
87
4
25
88
73
35
14
29
38
1
14
86
3
44
39
51
36
53
17
57
3
1
71
111
77
17
79
112
15
38
52
56
58
49
55
69
12
32
81
14
75
13
46
21
49
8
17
31
71
18
80
32
31
60
2
30
120
76
108
49
96
22
30
58
11
18
104
123
77
67
21
33
98
21
23
91
20
84
24
14
98
63
64
118
93
94
69
26
5
76
75
40
31
48
73
54
7
33
14
34
41
93
77
51
28
46
33
97
20
64
47
40
105
24
59
34
96
61
16
80
45
12
91
49
73
11
6
75
8
68
20
24
66
70
39
101
19
60
99
28
1
18
52
47
41
97
78
36
109
13
62
21
58
28
88
65
44
96
83
17
1
22
47
98
29
107
68
104
105
22
97
50
18
15
37
115
52
24
103
4
35
70
100
5
13
4
54
41
56
59
30
66
60
36
4
64
103
80
47
67
85
55
1
81
62
19
13
2
33
27
30
54
83
49
89
36
78
6
61
71
30
55
13
24
95
70
27
71
83
62
38
35
48
61
34
44
13
27
34
102
56
73
45
27
36
57
55
10
6
38
99
74
12
75
53
29
52
21
69
15
33
80
88
38
75
29
56
0
50
4
32
90
13
84
21
48
65
15
11
10
74
46
2
79
38
103
57
27
50
50
60
104
102
30
2
3
28
79
113
10
0
5
82
46
101
0
80
72
1
27
50
24
104
44
5
89
83
30
27
9
38
72
21
60
33
66
87
44
77
2
94
60
5
46
23
95
63
80
3
77
78
31
33
102
73
70
41
61
121
1
128
45
36
25
76
65
45
91
97
106
47
11
5
79
70
111
62
90
76
39
26
26
31
69
96
8
2
15
17
15
2
50
3
43
38
91
17
14
45
92
94
112
83
62
123
55
101
8
21
38
49
24
90
25
0
59
76
71
3
112
19
20
95
43
95
101
46
64
36
66
45
18
22
49
74
59
30
126
46
45
61
9
33
56
95
91
15
58
107
78
14
83
14
43
42
84
21
35
42
110
52
15
55
93
65
37
87
26
33
1
9
76
67
68
31
19
26
61
54
41
30
28
117
43
98
69
84
76
63
31
83
37
18
21
15
73
91
53
70
61
36
55
14
48
58
59
77
24
31
36
14
89
50
70
66
30
36
30
8
47
139
89
59
62
59
56
48
26
71
3
90
78
34
28
49
7
54
48
52
114
96
44
68
59
0
29
34
79
72
16
50
31
41
87
10
40
30
53
35
104
49
34
50
56
78
35
56
2
88
79
18
83
45
42
55
16
63
76
45
78
10
75
90
57
139
63
31
21
30
122
14
98
34
32
66
9
15
106
107
63
90
17
17
88
2
59
45
102
106
105
14
39
100
39
30
10
15
94
17
17
26
32
61
113
59
74
86
107
64
47
96
111
67
12
104
40
72
53
18
43
18
32
28
4
58
71
110
10
43
2
3
4
51
71
92
72
48
50
82
35
61
91
26
61
27
88
43
32
84
3
24
127
99
64
110
91
4
92
18
70
0
35
94
26
42
1
111
17
49
8
46
54
2
30
42
27
80
27
82
38
4
77
0
22
68
2
65
123
82
68
94
93
62
116
83
8
9
38
22
11
43
98
28
12
79
2
40
64
73
97
5
54
107
80
93
56
107
31
50
108
70
106
0
81
10
68
65
121
39
96
105
69
22
6
23
30
122
36
63
76
58
22
38
5
73
35
24
30
59
51
28
56
120
13
26
64
2
83
45
51
23
25
93
21
13
2
64
59
87
2
59
53
44
102
41
86
40
51
41
15
38
51
54
67
18
26
25
116
85
100
82
51
17
28
60
43
90
70
96
21
97
57
80
42
64
29
107
61
106
46
128
9
110
48
76
39
109
46
123
51
19
3
21
45
96
3
59
92
127
40
92
2
7
75
20
28
13
47
3
43
4
22
11
11
67
76
86
49
0
101
72
6
59
1
16
15
45
23
94
19
19
13
22
85
48
70
10
49
27
61
37
34
38
88
1
5
16
71
69
63
27
48
47
20
93
49
7
2
110
65
19
65
65
13
35
27
101
9
71
81
55
78
72
18
4
12
4
103
38
0
84
86
27
55
48
108
39
78
19
21
90
104
20
77
52
45
54
48
11
24
86
70
28
69
25
0
62
47
6
4
2
71
14
20
114
61
3
76
49
22
50
53
9
83
75
76
63
11
114
17
36
0
81
76
53
69
76
38
11
40
70
1
7
102
109
3
92
28
19
65
75
13
63
87
79
9
45
33
50
27
68
66
1
102
67
42
68
57
77
33
75
17
116
56
55
2
51
64
59
11
29
97
89
8
63
69
12
26
81
57
29
13
89
46
31
26
85
107
45
89
66
28
37
123
53
42
40
93
39
6
75
42
65
23
82
18
13
54
15
89
57
85
42
66
94
74
85
2
2
34
59
2
87
28
24
132
102
40
29
63
27
44
59
1
64
127
99
26
8
97
6
44
25
73
44
41
94
34
73
119
45
89
22
123
55
64
8
57
23
2
12
2
34
112
113
41
23
76
68
2
6
43
9
85
29
60
15
45
14
19
72
40
113
14
26
14
27
3
74
31
30
70
84
73
36
60
41
37
30
52
28
35
99
115
72
54
37
73
86
1
98
105
27
35
2
83
18
15
24
3
17
36
11
52
120
4
22
27
14
46
56
20
39
91
32
20
64
14
32
22
81
64
34
45
20
92
126
96
30
79
55
60
4
45
54
17
60
50
54
25
54
62
6
90
4
51
9
10
79
6
96
64
35
35
66
93
43
1
41
73
35
65
37
91
6
92
11
49
72
59
71
104
52
25
23
58
85
16
98
20
13
92
34
123
46
78
39
23
65
38
3
19
7
10
77
21
76
60
5
40
64
12
68
15
56
57
37
24
22
1
25
2
84
27
48
89
69
2
74
93
23
17
1
59
10
50
3
70
2
45
75
58
15
47
90
49
93
27
70
72
2
75
11
3
3
99
41
31
18
56
26
81
16
1
2
48
8
44
56
28
51
9
57
99
68
76
2
18
48
33
3
110
55
69
101
24
20
24
30
25
113
69
19
42
107
71
54
87
98
104
74
93
48
48
63
66
2
58
90
36
15
71
75
50
125
106
55
33
110
43
67
96
19
85
47
123
39
75
68
108
68
83
116
2
79
57
64
67
29
7
22
52
49
2
18
42
84
117
26
10
80
96
112
4
17
93
25
25
31
51
52
23
99
63
39
13
67
107
74
19
84
103
52
89
73
63
62
56
22
89
35
44
20
44
16
45
97
5
43
94
9
46
19
101
49
118
50
79
95
28
36
2
90
32
57
39
107
2
30
24
42
41
28
53
101
50
84
1
33
4
71
71
20
37
23
32
86
100
11
53
26
22
14
8
66
36
37
52
10
20
119
95
12
98
104
18
36
5
22
12
36
1
55
83
116
75
45
2
25
62
2
42
19
37
100
47
95
15
49
6
90
103
31
15
27
64
86
77
103
88
15
3
28
107
42
30
63
24
83
88
27
94
72
47
1
64
8
58
66
104
103
8
37
57
100
38
74
49
43
36
27
2
70
59
67
14
29
45
43
74
17
33
96
79
3
65
102
56
83
43
7
6
6
71
88
90
93
32
89
76
36
92
5
22
50
33
73
14
1
28
42
69
7
23
53
52
3
32
17
80
53
17
24
54
25
47
45
83
33
6
24
33
11
30
60
70
38
53
25
83
24
7
12
103
17
12
6
53
44
96
6
35
17
60
77
19
111
45
93
108
66
19
10
47
52
91
2
109
87
94
18
100
22
95
14
81
34
8
33
90
6
33
85
29
2
89
86
4
3
39
21
73
38
2
111
44
10
20
56
46
47
34
56
113
44
26
12
73
94
25
12
49
33
50
42
20
43
33
85
36
49
117
77
20
77
77
65
29
15
106
52
10
59
24
21
117
71
17
23
79
64
15
100
29
81
57
65
19
1
66
51
69
45
74
48
75
28
65
102
28
33
81
1
71
11
1
14
74
92
67
8
57
42
104
64
49
80
44
70
84
59
11
59
66
101
84
93
64
24
78
47
29
76
40
30
59
34
28
21
90
42
31
98
72
13
66
4
80
14
75
107
16
61
36
92
79
1
16
21
35
73
25
66
96
90
36
37
14
92
79
17
41
56
55
74
45
21
34
9
1
1
1
109
67
101
53
43
45
43
104
76
48
20
107
44
46
86
5
42
72
97
9
3
38
87
87
34
73
45
39
41
17
52
40
20
36
28
44
24
18
100
1
28
98
48
19
0
42
64
38
65
113
46
19
118
64
79
24
39
67
90
59
41
3
25
24
39
40
55
0
10
16
94
45
2
103
57
58
13
41
10
34
63
54
71
73
64
105
9
17
65
79
26
66
118
108
1
48
47
64
28
18
57
67
114
73
5
47
1
39
13
7
43
17
45
43
57
19
31
58
23
100
25
8
55
7
58
35
31
4
56
36
64
21
1
47
87
57
75
75
11
52
14
8
85
85
31
36
30
81
58
39
55
37
35
37
14
69
112
12
59
40
94
77
59
113
9
96
33
73
3
91
45
64
42
70
53
34
4
43
62
45
82
64
16
107
77
16
103
21
24
23
27
31
52
14
75
16
41
1
72
3
3
15
89
6
16
9
83
60
31
49
55
47
9
21
62
69
38
59
53
69
77
64
55
73
1
49
66
55
9
41
81
19
19
40
61
100
5
24
51
38
62
15
74
16
7
41
119
47
46
55
0
117
80
98
39
55
41
81
77
71
74
81
38
29
83
35
13
79
76
86
38
22
63
32
33
101
0
78
24
30
32
110
92
46
81
29
69
1
24
3
99
59
48
37
56
19
44
109
77
13
100
34
30
23
41
79
81
12
108
44
40
76
65
37
7
104
32
57
1
60
0
31
73
26
37
3
9
88
33
14
36
38
16
61
33
10
79
16
28
1
45
95
70
37
102
48
61
85
1
42
82
74
2
31
123
52
106
73
63
8
33
3
16
74
21
53
118
32
97
0
78
27
77
41
67
85
83
49
59
59
21
57
97
36
36
89
54
60
87
78
45
81
16
38
2
54
76
68
1
40
15
63
73
84
51
71
48
45
65
115
48
25
117
56
38
65
94
20
78
61
39
66
20
2
80
14
18
25
11
23
5
75
57
66
35
43
2
44
65
45
69
85
32
64
76
20
71
46
7
26
56
105
32
46
2
84
15
35
106
43
108
49
74
30
8
33
76
62
15
28
87
52
92
41
97
54
45
38
17
4
9
3
69
10
34
38
41
42
49
57
63
4
2
68
58
74
32
70
10
58
84
6
104
57
38
100
41
44
67
32
19
19
69
26
8
12
5
31
65
14
3
107
61
53
1
17
54
66
1
25
70
103
108
22
2
26
3
23
98
27
40
20
51
71
25
26
38
27
67
32
53
10
1
39
31
55
69
4
47
56
103
62
50
53
56
54
116
77
22
32
46
19
1
86
19
54
64
22
63
81
71
46
4
71
57
50
50
3
21
92
14
104
60
51
25
118
101
70
14
66
68
1
39
13
19
57
28
64
55
76
65
88
7
59
46
13
24
40
10
71
63
19
16
21
53
72
53
103
58
98
9
68
37
26
2
98
54
9
43
35
27
9
94
10
50
29
55
88
51
30
84
50
26
96
104
71
44
33
1
38
86
72
68
111
40
60
3
12
48
2
51
21
25
72
79
2
27
22
46
51
52
13
86
38
9
30
83
101
43
108
76
17
42
2
36
37
47
76
24
39
71
62
46
96
63
25
24
117
94
17
91
49
65
46
8
27
98
56
67
38
60
70
5
11
15
2
95
53
63
78
5
4
32
8
2
72
46
6
106
27
25
71
27
83
33
72
69
65
9
79
41
42
43
63
51
4
63
49
2
86
37
19
16
49
33
17
59
41
64
57
39
73
103
41
18
28
45
105
92
28
13
75
61
78
50
61
83
65
45
57
104
98
111
53
55
10
56
10
25
102
70
3
115
4
21
90
43
3
64
42
35
68
20
53
81
66
67
8
47
23
68
46
3
9
69
95
81
51
92
40
104
78
49
44
73
39
49
79
54
62
74
1
73
85
38
34
15
75
61
24
32
50
107
6
58
23
78
70
33
2
15
6
59
74
25
17
108
15
94
120
6
47
9
115
34
84
61
13
67
92
35
120
69
64
26
51
39
107
16
24
51
54
37
32
37
52
67
19
100
8
31
97
11
71
29
63
85
38
1
76
74
14
25
90
92
23
78
77
43
84
6
68
40
9
69
55
7
63
90
3
53
80
2
102
61
73
12
48
71
12
73
73
109
69
25
6
110
65
86
42
5
76
92
49
51
3
101
79
89
42
71
3
27
0
66
90
23
37
38
115
59
82
58
37
17
23
104
22
114
64
48
69
0
74
32
9
46
34
22
53
83
16
15
65
50
26
28
19
45
109
12
76
36
54
83
26
90
48
22
25
99
87
6
20
18
5
30
31
107
49
40
75
103
55
6
53
101
66
66
105
54
41
64
12
73
84
34
3
46
107
96
15
54
35
46
17
65
21
28
28
40
65
36
2
23
104
71
68
3
91
99
63
31
13
53
2
16
44
1
90
43
16
33
104
102
66
40
64
57
98
10
109
56
29
43
6
58
4
87
37
7
49
85
47
14
39
95
29
37
104
59
47
33
108
38
19
21
70
106
26
25
41
66
6
66
24
51
19
44
86
30
51
44
79
7
36
47
97
70
85
109
49
84
53
14
2
56
87
83
66
14
53
17
56
63
67
28
94
6
16
84
9
81
36
30
4
17
79
29
41
64
20
0
39
23
79
95
34
4
63
98
9
17
64
56
11
2
41
66
36
100
84
27
17
83
112
56
46
35
14
63
25
106
42
113
7
3
2
103
67
110
37
49
3
11
91
45
28
83
57
112
91
109
27
3
38
20
87
38
3
90
16
32
95
8
10
60
3
35
4
105
69
21
92
14
51
1
59
53
24
3
17
86
81
1
77
16
19
21
45
8
87
42
57
47
68
33
20
2
30
52
56
51
76
27
105
41
41
6
78
51
87
38
21
99
5
100
84
15
31
2
90
43
17
35
36
56
23
49
14
48
81
78
2
71
73
12
32
2
95
6
29
78
75
53
1
2
16
69
19
32
93
86
74
79
28
17
44
64
97
7
105
49
88
16
94
54
77
97
12
62
28
9
84
31
74
92
87
79
75
75
0
34
20
13
84
48
109
42
75
65
98
97
54
3
80
63
8
51
76
41
2
44
13
3
7
48
97
18
35
62
83
30
85
75
2
92
20
34
54
25
4
24
54
80
17
60
61
23
104
69
91
30
51
40
41
36
83
73
52
59
74
3
27
18
62
38
43
79
13
59
37
16
35
46
44
20
86
5
31
37
20
45
49
0
32
55
80
37
86
109
47
23
52
8
99
46
41
35
46
49
75
95
95
55
59
101
78
7
76
70
72
102
59
28
55
3
8
53
112
92
37
2
53
29
8
24
78
6
86
12
14
65
6
99
5
97
74
61
65
48
1
67
14
46
67
51
72
69
12
69
1
43
70
60
12
75
13
17
35
3
42
90
50
52
64
43
71
21
53
85
46
26
24
76
92
102
45
24
43
37
19
16
2
110
63
68
15
11
12
58
40
107
20
13
15
59
21
65
45
20
26
13
49
70
81
10
38
39
92
68
30
24
33
27
79
6
48
38
37
13
0
21
26
63
28
78
103
27
33
1
53
46
30
20
84
19
51
16
32
101
13
3
52
57
98
44
16
17
21
59
49
14
70
38
55
55
66
77
5
59
64
54
91
20
7
56
8
76
17
52
42
37
21
11
77
77
6
64
23
15
37
1
88
15
70
40
113
53
12
48
9
52
9
91
104
1
1
43
63
91
76
50
14
7
26
18
6
32
25
61
16
51
108
8
80
45
128
32
106
47
57
53
48
35
32
23
66
13
102
43
42
17
90
35
89
95
51
95
46
16
111
32
100
42
48
30
95
21
81
47
10
40
87
26
23
103
68
68
26
52
12
43
71
17
54
48
55
64
99
92
1
48
70
65
13
65
21
61
76
103
17
3
87
98
81
91
10
76
48
31
24
86
8
4
32
56
95
42
57
83
32
7
36
77
22
28
114
55
34
113
85
13
78
91
96
19
17
19
71
30
71
48
41
58
104
91
7
60
76
36
22
45
32
97
8
90
111
57
46
48
49
44
28
3
14
48
51
43
105
79
20
57
23
69
111
17
74
27
2
110
46
89
44
84
41
31
14
62
9
52
57
11
14
37
32
48
98
95
78
106
83
38
73
47
106
107
65
35
51
76
15
24
71
1
97
35
1
106
22
33
57
21
33
67
51
84
64
15
47
5
85
44
86
20
41
21
71
104
19
31
4
18
52
71
46
4
6
47
51
37
0
59
2
84
84
21
88
26
56
75
44
69
108
28
92
24
58
49
51
3
46
11
74
59
23
51
12
39
26
28
2
73
23
49
49
3
69
30
27
55
94
24
47
18
65
81
107
15
64
19
82
46
77
99
37
57
69
4
89
37
19
75
48
66
74
21
23
15
21
70
86
3
46
86
26
27
42
107
21
61
19
6
82
106
74
8
53
96
64
31
52
26
14
9
28
24
75
103
41
61
9
35
22
73
59
28
16
67
95
41
36
43
69
113
76
31
3
31
10
99
42
105
8
45
31
11
67
56
45
21
87
78
22
60
5
35
60
51
60
96
18
15
96
95
76
57
18
11
34
56
23
19
95
68
50
66
